4743.579051058135  0.0  96.38173867857394
4745.746423438617  28.742350000000002  96.38173867857394
4752.237131746824  57.481970000000004  96.38173867857394
4763.018453037746  86.21885999999999  96.38173867857394
4778.035911100396  114.95028999999998  96.38173867857394
4797.21523872334  143.67444  96.38173867857394
4820.463928647103  172.38949  96.38173867857394
4847.674170622577  201.09453000000002  96.38173867857394
4878.721514026899  229.78592  96.38173867857394
4913.473576544759  258.46366  96.38173867857394
4951.785856400553  287.12502000000006  96.38173867857394
4993.50927939161  315.76909  96.38173867857394
5038.4860873696925  344.39223  96.38173867857394
5086.5630031126075  372.99535000000003  96.38173867857394
5137.577101386447  401.57390000000004  96.38173867857394
5191.373975557409  430.12787999999995  96.38173867857394
5247.798430495187  458.65547000000004  96.38173867857394
5306.696650107142  487.15394  96.38173867857394
5367.922709240454  515.6223799999999  96.38173867857394
5431.333818910931  544.05897  96.38173867857394
5496.790463668761  572.4609800000002  96.38173867857394
5564.163014242753  600.8275  96.38173867857394
5633.325806074866  629.1567100000001  96.38173867857394
5704.159225717895  657.4467900000001  96.38173867857394
5776.549708285469  685.69592  96.38173867857394
5850.387252377926  713.9013699999999  96.38173867857394
5925.574861677523  742.06314  96.38173867857394
6002.014064015943  770.1785000000001  96.38173867857394
6079.6141780387625  798.2456300000001  96.38173867857394
6158.29229191461  826.26362  96.38173867857394
6237.965360372812  854.2297400000001  96.38173867857394
6318.557518205214  882.1421700000001  96.38173867857394
6400.0  910.0  96.38173867857394
