0.0  -184.72112480390058
40.080655682098154  -184.08225557068124
80.00337760409218  -182.17592671279033
119.61812770659982  -179.03218692268007
158.77903865803952  -174.69997788268677
197.35289799516568  -169.24497260735444
235.22067991745766  -162.74708684744456
272.2807769223431  -155.29731140846758
308.4456194990139  -146.99557647443737
343.65036206397554  -137.94591404369152
377.84461857507415  -128.25527049721944
410.9973546142839  -118.02946821342921
443.0903111394215  -107.37247164086794
474.12469374681285  -96.38184790654564
504.1082506506461  -85.15107282077888
533.064341580889  -73.76470211413799
561.0231397710265  -62.30018873873378
588.0209987277229  -50.82726200507203
614.1013890463319  -39.40680718570171
639.3107451334201  -28.092170754445547
663.6972937522079  -16.92952089505131
687.3122887033235  -5.95725764914603
710.2066742743564  4.79233700795028
732.431148521416  15.292859397097743
754.0355672830434  25.52316689367784
775.0678200231223  35.46645273784049
795.5761985634267  45.11093310766803
815.6051081160624  54.4473663952007
835.1976699119035  63.469828012081294
854.3956042689399  72.17518507460842
873.2373763431465  80.56180516446099
891.7601746315173  88.63002674693118
910.0  96.38173867857394
